c(231, 497, 366, 674, 85, 372, 571, 117, 125, 65, 111, 329, 265, 

142, 69, 396, 290, 125, 621, 176, 118, 92, 31, 85, 498, 243, 

41, 44, 206, 36, 128, 46, 56, 204, 179, 134, 137, 133, 164, 156, 

673, 320, 147, 105, 50, 13, 441, 56, 372, 178, 169, 232, 84, 

231, 329, 24, 113, 132, 265, 97, 103, 133, 28, 170, 232, 50, 

220, 29, 22, 105, 220, 29, 38, 171, 35, 250, 13, 184, 87, 67, 

249, 300, 78, 278, 319, 174, 238, 37, 468, 101, 218, 157, 50, 

231, 65, 348, 380, 1008, 47, 243, 36, 65, 72, 135, 439, 89, 262, 

36, 41, 112, 100, 279, 420, 130, 370, 72, 111, 112, 439, 432, 

406, 40, 109, 485, 39, 482, 215, 324, 305, 365, 151, 159, 160, 

540, 56, 210, 75, 150, 190, 249, 188, 465, 206, 93, 44, 59, 225, 

613, 10, 585, 580, 224, 157, 61, 262, 151, 112, 125, 82, 57, 

219, 28, 220, 78, 306, 549, 409, 79, 339, 222, 246, 306, 277, 

388, 184, 313, 423, 574, 203, 256, 327, 48, 328, 62, 167, 91, 

406, 13, 111, 45, 255, 574, 224, 122, 313, 123, 132, 31, 200, 

206, 344, 41, 36, 191, 71, 49, 83, 20, 153, 120, 359, 50, 416, 

167, 142, 4, 126, 93, 396, 323, 489, 630, 68, 119, 265, 37, 50, 

118, 247, 80, 392, 257, 208, 94, 315, 62, 117, 223, 165, 118, 

97, 115, 547, 137, 254, 151, 34, 234, 280, 381, 105, 218, 122, 

101, 131, 244, 22, 162, 10, 574, 329, 130, 222, 118, 79, 271, 

437, 94, 365, 304, 494, 128, 200, 213, 83, 88, 202, 73, 165, 

172, 386, 393, 468, 452, 338, 196, 249, 278, 23, 113, 163, 235, 

113, 247, 216, 71, 30, 335, 303, 453, 4, 80, 44, 331, 189, 390, 

273, 287, 177, 79, 68, 163, 346, 58, 655, 430, 79, 30, 212, 256, 

216, 29, 100, 10, 7, 274, 113, 400, 61, 417, 644, 202, 123, 82, 

199, 25, 254, 152, 205, 119, 86, 184, 66, 81, 95, 34, 138, 385, 

119, 125, 117, 94, 300, 357, 132, 418, 379, 322, 131, 225, 8, 

41, 45, 159, 29, 127, 292, 427, 565, 162, 264, 437, 819, 290, 

85, 93, 52, 99, 10, 426, 210, 295, 67, 213, 59, 74, 119, 187, 

205, 346, 259, 96, 376, 43, 264, 443, 224, 333, 224, 214, 70, 

48, 282, 100, 172, 235, 285, 386, 8, 19, 245, 183, 56, 473, 95, 

127, 290, 248, 72, 170, 166, 224, 276, 284, 295, 300, 241, 372, 

195, 111, 237, 151, 435, 233, 129, 118, 40, 70, 85, 525, 340, 

289, 175, 51, 281, 175, 353, 202, 175, 313, 94, 895, 223, 858, 

265, 361, 244, 64, 767, 284, 368, 208, 70, 237, 26, 165, 116, 

481, 180, 479, 139, 329, 629, 78, 60, 572, 199, 148, 47, 455, 

261, 382, 191, 62, 63, 333, 132, 91, 830, 109, 121, 190, 117, 

130, 702, 177, 14, 278, 533, 88)

